434.31
71.04
430.86
99.54
440.72
85.36
434.81
132.58
120.17
281.47
96.35
49.05
224.87
416.74
230.66
401.22
410.74
325.94
391.90
389.80
316.67
74.45
103.57
229.09
425.51
145.86
116.37
238.82
99.18
382.09
284.84
296.56
285.99
109.20
250.88
261.80
321.36
79.42
395.42
320.99
81.09
143.51
273.18
342.22
45.23
82.99
421.64
116.33
349.40
279.43
388.90
375.27
112.80
396.87
362.29
330.16
402.65
282.74
64.27
419.98
54.41
251.92
251.91
123.58
411.11
345.08
288.68
410.33
427.97
413.40
271.49
353.28
53.75
424.36
251.70
393.52
66.38
309.26
300.22
236.95
265.89
242.77
238.02
72.35
360.42
412.15
97.27
274.55
125.53
253.33
137.23
261.16
389.95
107.52
306.76
356.53
331.87
154.70
354.93
309.53
704.99
1467.73
930.56
1631.01
1299.17
631.24
1363.15
1476.64
805.80
1358.21
842.34
1433.57
1451.85
1500.38
1495.46
1394.74
826.68
826.41
1289.82
865.18
1601.03
1535.77
1029.00
1173.18
909.32
1549.18
712.36
806.50
644.17
868.74
1417.93
1081.43
982.76
905.97
1365.58
776.53
1190.95
1401.94
1409.35
804.05
789.64
1155.78
1217.16
859.20
960.33
1399.56
1555.18
1507.39
868.43
1409.53
909.02
1490.79
1160.96
1447.50
1304.74
1101.59
1241.03
1258.29
803.48
831.55
1341.07
678.59
1168.72
1031.19
1428.86
1380.32
675.62
654.29
1604.18
567.90
747.14
821.67
898.58
1229.07
1297.08
1387.52
1509.27
730.36
675.62
953.36
1478.65
1296.95
1133.29
1617.10
978.30
1124.60
945.54
875.07
1056.57
1447.48
1472.88
1317.83
898.51
590.29
590.94
1207.61
893.04
725.06
740.80
937.84
1969.92
1605.22
1557.87
955.91
1492.63
1915.75
1028.08
993.13
1205.45
1650.51
1589.19
1461.19
1504.32
1002.81
1851.73
1662.99
1648.87
1326.64
1675.30
1571.81
1093.16
1334.40
1972.02
1788.66
1679.64
1384.16
1398.55
1842.03
1067.62
1729.60
774.16
1593.13
957.39
1593.08
978.02
1884.91
1099.09
1675.22
1640.32
1523.06
1084.21
1485.32
753.49
1627.99
1621.15
1723.44
1765.72
1928.02
1664.44
1730.63
1186.80
1226.65
1739.06
1610.76
1897.97
1025.82
1525.70
922.62
1550.79
1217.58
1589.99
1740.50
1788.73
1249.24
1689.79
1736.67
1679.20
1156.04
1461.67
1886.25
1650.50
1751.35
1566.39
1171.99
1003.13
1066.52
1798.50
1420.20
1601.12
892.79
1892.14
1044.41
1500.73
1949.04
1644.24
1735.63
1931.21
1284.42
1785.63
1171.68
1772.31
1793.64
1887.48
1949.50
981.52
1511.60
1004.40
2022.65
1708.52
1778.53
1349.21
1002.24
1241.30
901.97
1294.26
861.19
925.90
1418.87
1392.72
1519.88
1050.70
1277.10
1217.95
1124.37
1206.08
921.70
954.12
557.63
1148.79
976.01
1469.17
908.94
749.47
1421.03
1480.55
1071.55
1273.87
1542.26
1020.88
1000.39
648.76
762.79
706.20
1673.91
1374.61
831.46
716.52
695.92
890.56
984.47
771.91
909.17
1357.12
1355.19
969.14
1152.52
1407.77
705.88
957.20
1140.38
1602.65
1100.28
671.12
1130.82
590.08
715.70
1346.59
1460.44
564.81
699.87
677.07
1143.16
1692.29
1414.99
680.29
1573.70
1467.95
881.02
790.06
1091.12
898.79
1116.41
1469.91
1343.91
1420.66
1065.58
1356.89
576.22
723.16
1292.72
749.49
920.35
1226.40
413.47
1348.70
820.74
1668.07
498.89
985.29
1375.60
633.29
896.14
680.50
1309.49
1639.18
1054.02
1415.71
868.02
1001.82
1573.31
991.33
661.84
907.51
1240.01
960.06
659.61
1086.72
824.53
650.02
1355.26
641.74
1190.46
750.71
996.95
788.90
591.66
1197.37
648.74
1406.07
599.78
1048.31
624.88
813.16
933.28
762.26
824.10
1301.02
943.04
604.74
1398.59
613.15
779.21
1219.93
1107.07
688.68
1538.15
881.89
960.47
826.98
1098.96
992.76
864.64
608.09
722.43
638.92
1053.54
636.12
1099.92
1287.26
688.26
376.11
303.02
295.73
767.17
1205.22
660.38
957.63
990.72
490.30
774.95
947.37
850.69
931.29
865.91
1403.64
562.47
1032.50
1176.01
1236.25
238.32
891.66
1037.29
1240.16
1096.58
799.37
949.76
1144.62
1313.05
1052.79
433.31
610.63
743.22
278.01
264.75
876.55
664.25
1392.91
972.10
818.55
1386.97
568.80
638.99
484.02
853.55
363.19
241.76
1130.87
969.18
905.33
1023.99
1054.53
953.08
652.91
266.01
1086.29
257.47
972.41
550.82
959.63
665.35
922.38
814.10
572.45
468.49
232.68
877.63
921.66
1345.83
931.00
503.84
1168.20
965.68
1312.44
460.62
690.96
490.23
616.51
801.86
1052.64
344.20
600.61
1029.32
823.22
667.57
320.83
807.46
1324.11
261.60
1217.46
578.38
851.61
1080.47
919.93
324.33
510.01
440.86
1261.59
1267.11
403.15
959.51
1377.54
1172.19
1287.64
1419.53
1220.89
611.89
714.07
799.64
1207.53
1315.36
801.99
1338.46
1037.79
671.24
1340.76
762.72
845.59
599.63
1073.01
1381.72
608.18
704.61
991.94
1493.08
1257.05
778.88
1415.60
723.44
1330.14
715.30
727.68
1167.69
612.76
592.51
751.37
1387.53
1377.97
1098.17
1135.14
1326.94
1460.39
974.42
1228.80
1497.44
803.24
1351.61
1348.64
1310.30
998.81
1257.61
1412.78
807.72
1511.03
1315.82
566.12
1328.95
951.22
702.11
930.87
1393.59
923.60
1248.48
1178.49
1457.64
1329.17
890.71
1119.30
1292.80
1376.95
667.86
1488.88
614.51
1301.19
575.66
823.39
1292.69
1390.64
778.75
1484.13
1074.03
996.55
704.17
737.85
1380.84
978.95
646.80
1430.02
1325.67
844.24
1461.62
650.24
1190.64
738.16
1145.65
1133.20
1172.12
645.36
1315.77
1364.01
868.10
1686.17
1763.82
1870.15
1710.53
1848.03
1958.99
1801.63
1935.68
1771.24
1883.88
1917.45
1898.08
1792.96
1932.76
1908.38
1887.46
1833.75
1805.34
1822.66
1911.11
1847.90
1781.74
1720.48
1858.71
1788.91
1892.09
1746.79
1839.75
1725.65
1852.59
1877.45
1768.44
1896.68
1922.57
1805.34
1876.09
1745.53
1913.81
2001.67
1729.52
1756.82
1911.06
1899.66
1737.69
1772.14
1955.58
1799.42
1874.71
1946.33
1891.63
1776.20
1890.59
1776.55
1818.73
1943.13
1889.32
1854.58
1760.20
1829.41
1763.50
1885.88
1815.68
1856.18
1855.95
1867.70
1933.25
1916.25
1818.01
1984.34
1753.00
1916.29
1759.20
1817.32
1923.75
1908.40
1862.94
1756.51
1816.75
1896.21
1814.88
1891.42
1659.74
1784.77
1985.54
1689.66
1692.62
1934.57
1681.75
1802.04
1818.67
1770.53
1846.30
1917.99
1795.66
1844.62
1808.38
1960.94
1752.89
1738.38
1869.28
1174.50
994.54
959.42
1819.59
1396.91
907.23
1147.44
1265.51
617.92
1104.69
1974.04
1567.19
1742.57
1626.62
1551.22
1916.39
1673.61
1790.92
1828.21
1291.35
1289.97
1949.45
1723.74
1753.58
1569.80
1446.43
1516.00
771.82
1856.08
1454.23
1765.98
1481.07
1728.28
898.80
1599.43
1989.89
764.42
1773.79
1514.69
558.27
1947.60
1780.82
1225.22
655.20
1187.80
1716.24
1985.59
908.52
1570.03
1341.10
1543.99
1375.58
1117.13
1924.83
1565.91
1043.01
1471.20
1918.69
1301.51
2033.13
1224.64
955.28
660.99
202.49
1405.16
1216.66
1353.59
2045.32
1174.58
869.23
1418.31
1231.74
1402.77
616.19
1459.25
1579.72
1472.74
1655.83
706.22
1496.14
1136.66
959.55
1376.88
1697.02
622.73
1635.99
1391.04
1535.39
947.55
1813.93
1942.08
953.44
1339.92
1304.54
1506.99
1644.52
1925.07
1183.56
1002.97
1223.79
1513.29
1848.55
1710.77
1755.49
1932.28
1878.13
1857.91
1791.22
1201.45
1752.57
1351.42
1211.74
951.10
1421.32
1425.74
1328.08
1494.20
1364.97
1468.92
1754.98
1059.81
1572.36
1703.22
1207.04
1171.18
1885.55
1054.78
1658.35
1526.52
1775.32
526.50
1417.91
1279.17
894.42
749.02
1352.04
1239.59
991.45
1829.50
1150.04
815.55
1317.68
936.88
1769.88
956.02
2021.18
1897.01
1121.32
1005.92
1595.05
1618.69
1554.40
1818.42
1895.25
1506.10
753.66
1530.72
762.94
1193.96
1776.01
1847.01
751.05
670.08
1270.28
1570.95
1220.48
751.34
1596.73
1533.86
1854.33
1718.72
1955.56
1031.41
1815.12
1300.91
1326.19
1719.04
2088.72
1595.65
1803.61
1075.92
1963.65
1839.95
1543.84
1667.61
1427.70
666.58
1046.08
761.74
1420.05
1967.90
1753.41
1494.65
1372.53
1085.04
1493.24
1764.09
1825.12
1251.02
1699.44
1543.12
1309.04
1851.99
1506.47
991.72
1736.33
1325.02
1630.75
1541.70
1970.04
1489.55
1595.63
1867.40
1491.31
1745.98
1965.58
1715.49
2038.31
1669.09
1160.37
1144.06
2030.79
1900.09
1942.35
1300.04
1630.48
1057.17
642.89
1418.63
1560.90
1109.39
1147.69
1197.14
1841.41
1907.68
1564.62
1720.51
1918.94
2021.92
1757.17
1536.47
1566.61
1794.17
1463.06
1982.38
1582.45
1252.68
1836.75
1843.25
1908.51
634.38
839.46
1968.31
1647.53
1657.54
2115.61
1514.59
2021.02
1521.04
2077.65
1180.26
1811.00
723.05
1617.25
1719.04
1660.83
1307.11
1513.68
924.17
1825.24
1616.37
861.57
1482.88
1901.99
816.00
1176.75
1743.98
2003.57
1694.45
1372.84
1063.41
1187.50
976.17
1408.77
1253.70
883.94
1746.59
1056.12
1050.84
1700.97
1476.47
1079.91
1821.59
1162.30
1193.78
1535.68
730.61
1208.91
1266.96
1718.19
814.45
1206.32
1017.34
2011.74
1380.77
1438.33
1658.47
1718.25
912.41
1796.53
1657.89
963.49
955.84
1621.32
1637.41
1238.52
1627.65
1569.03
1679.67
1556.89
1353.13
1571.39
768.86
1484.82
1252.74
1597.90
1143.76
1578.26
1696.40
1037.23
1490.33
1176.27
1663.36
1516.74
1408.39
659.98
1319.70
1848.61
1645.69
984.86
1941.20
1354.81
1163.69
1623.86
1504.69
1339.02
517.08
1051.15
1853.40
1638.94
968.90
995.37
1752.37
1050.20
1327.14
1798.13
1666.70
1427.47
860.38
1798.13
1625.24
1591.92
1832.65
1332.46
1492.86
1715.95
1763.58
724.33
1739.64
1598.34
1488.40
1493.09
1981.93
889.06
1661.74
1464.10
1903.64
1848.32
1686.69
1591.24
1441.70
2006.33
1621.24
1123.04
1051.13
1151.26
1288.76
1443.99
1743.68
1865.34
1536.43
1256.33
1091.52
1201.27
1477.84
1392.88
1707.96
1626.03
1771.26
1196.79
1645.36
1612.84
298.99
2051.40
1235.40
1628.95
1700.85
1733.73
1767.88
861.02
613.27
1284.26
704.30
1644.87
1731.81
1830.54
587.54
1393.30
1641.26
1562.96
1549.96
1478.61
1169.23
1866.94
985.23
1660.32
1538.83
1552.98
1865.44
1797.69
733.86
1727.43
632.17
1645.43
1728.49
1667.56
912.86
1478.94
1273.17
883.61
1595.09
890.18
1549.77
1629.39
1589.75
1984.22
1759.25
1518.84
1073.38
1160.89
1724.10
1321.22
1559.74
1497.25
890.03
954.32
1347.11
1021.83
1949.31
1327.73
1899.33
594.71
1723.50
1479.13
1904.38
1582.58
407.68
866.73
1842.76
645.76
1124.50
1619.18
1482.89
1722.24
1315.56
1899.16
1247.54
1662.68
881.06
1642.98
1406.87
1241.19
1548.13
1545.15
1592.37
495.86
971.74
770.09
1398.00
1502.82
867.48
1265.89
983.82
1218.79
1310.36
1553.44
1843.92
2008.93
1931.81
1351.72
1934.61
1870.40
1062.01
1087.51
963.29
1220.95
1613.54
1305.21
1818.84
1734.93
1622.54
727.15
1604.89
1169.36
1614.70
1757.05
1855.77
1133.05
1639.62
916.22
1681.02
1164.59
1069.58
1567.78
1342.02
1670.13
1857.31
887.67
1341.51
1609.70
766.24
1638.21
1191.36
876.93
1699.29
1428.49
1926.67
972.02
620.72
996.14
1447.35
2002.80
1754.70
1814.52
1363.74
1486.68
1626.43
1603.90
1334.57
1431.35
1817.02
1233.16
1687.24
1339.95
1634.18
1903.47
1988.88
1744.88
1166.38
1081.99
977.05
1395.18
1501.29
949.93
1822.79
1485.66
784.60
1545.10
1732.09
1390.10
1038.46
1032.05
1398.91
1215.60
822.82
1305.23
1010.96
1457.92
1158.05
1147.20
1668.64
984.93
1325.55
1108.53
1254.82
1448.63
1807.35
831.68
1675.47
1094.27
517.86
1342.28
1078.59
1374.41
1174.73
1586.48
1136.87
1429.88
1275.92
1767.95
1067.22
1563.34
1008.39
1632.68
2075.98
1946.14
1642.52
1092.51
626.09
1620.30
1491.10
1505.96
1303.85
1699.37
1798.26
1621.11
1422.11
1397.78
1165.09
1990.00
1789.67
2039.70
1368.81
1462.36
1569.85
1521.86
1453.30
848.40
1854.65
1387.41
1612.66
1273.36
838.45
1607.05
1711.89
1240.99
1820.78
1496.30
1594.36
812.12
1406.29
2033.64
1465.99
1619.19
2033.43
1639.86
1520.23
1747.85
1517.38
1591.82
1449.17
1616.70
1578.54
1890.90
958.47
821.56
1714.27
1402.97
1153.15
565.58
1282.57
770.00
981.19
1718.73
1087.40
1628.93
1722.51
1835.19
1408.27
1854.93
1352.27
1057.70
1560.87
1775.55
1447.08
1600.20
1660.95
1279.21
811.99
1592.63
1618.21
1326.18
1449.07
1675.66
1503.14
1123.19
1648.60
1441.72
1579.86
1747.78
1180.54
1837.82
1487.58
1945.89
1011.78
1843.22
1559.07
2117.92
1295.76
1067.75
1839.34
1656.51
1430.70
1049.93
1461.96
1992.32
1481.96
1703.23
1383.67
447.52
1658.45
1217.76
1293.92
1166.63
1973.58
1197.89
1301.81
1595.34
1082.69
721.72
1470.66
1395.38
1328.36
1543.15
1083.07
1065.28
1497.95
1542.35
1711.59
1445.02
2028.07
1501.76
1101.25
975.70
1617.63
1723.58
1625.89
1362.08
1513.54
789.01
1422.70
961.44
789.44
1194.26
1552.04
1619.60
1888.69
1175.11
1612.74
843.21
1502.12
1752.05
975.52
1852.79
1133.62
1760.30
693.71
576.39
1572.52
985.12
1868.49
1281.83
2016.69
1594.25
1383.38
1754.63
1014.90
871.57
1923.01
1568.75
727.62
1069.52
796.80
1092.42
871.78
1394.67
1419.42
1446.65
1688.79
742.26
1014.37
687.98
1256.78
1094.50
1534.49
925.40
2104.97
1608.82
233.36
1559.05
1196.68
689.87
1093.12
1466.10
913.27
1854.81
1688.65
1702.81
1008.79
514.10
1414.19
1089.69
1500.58
1497.73
952.43
1790.61
513.55
657.70
1812.46
1689.90
755.75
905.37
1194.97
1458.14
1505.94
1348.09
1858.79
440.90
1203.83
858.22
1521.68
1555.68
1754.46
1582.21
1692.32
1849.42
1389.18
1857.33
1112.45
1594.76
846.94
1489.44
1184.35
913.69
1524.74
1585.12
1545.12
1752.30
1392.75
1671.19
1412.87
1083.12
1334.60
1247.19
860.85
1725.23
1608.31
1483.68
1361.97
2071.83
1896.49
1839.73
527.98
1190.73
1261.17
2053.27
1500.74
1092.09
1530.32
1085.16
1887.03
1750.66
1911.20
1714.78
1438.74
1012.37
2098.48
1732.61
543.99
1357.87
873.45
1269.29
1671.01
1402.02
1444.10
1706.56
1440.56
1824.14
1464.15
1044.70
1438.50
1635.62
852.66
1435.41
1630.50
1168.50
671.06
765.53
1357.73
1345.45
1616.38
966.10
1751.50
1616.07
728.35
1607.61
1405.11
1502.82
1348.45
1265.07
1730.04
1534.75
1878.36
2063.89
1816.95
1553.25
1319.20
1130.17
1450.28
1396.49
1666.19
1723.87
669.47
1761.82
1855.18
1744.85
1693.37
1221.75
1229.05
1059.64
1160.57
1740.96
701.57
472.83
1035.61
642.02
1162.37
1007.51
936.66
814.88
881.77
1548.34
1472.55
743.05
1077.75
1632.50
847.23
1655.00
1747.26
1470.16
1694.66
563.78
1402.79
1378.13
1025.61
1316.49
1368.84
1087.76
1866.78
1459.51
1462.55
674.77
1947.82
1140.33
1905.24
993.35
1350.58
1339.23
1603.18
711.79
1356.77
456.82
1384.76
1761.69
1991.45
632.02
1835.77
691.86
1154.17
1168.07
1205.73
1710.86
1219.27
1487.36
1655.64
986.28
729.24
1174.40
1777.16
1710.15
1125.49
1883.88
1945.49
1654.46
1123.88
1473.45
1715.25
868.01
1588.18
1324.10
1582.64
1314.77
1461.32
1562.12
1425.34
1349.20
1790.34
1613.09
1641.50
1408.28
1111.89
1507.51
1933.04
884.21
1704.66
1241.30
863.17
1522.60
1546.73
1822.40
977.15
1076.99
1153.53
1008.38
1835.22
1370.80
1998.49
635.15
1252.25
1570.29
1229.16
1437.84
1729.68
1815.45
1494.12
1130.86
1164.92
1862.49
1744.06
585.20
1886.45
846.33
1065.26
1647.95
963.49
1472.21
651.41
1874.95
1605.72
1906.97
1909.83
1405.37
1629.29
1561.30
1927.77
1725.17
1385.06
787.24
939.86
1531.72
904.04
1725.97
1481.94
1279.09
1958.12
1615.93
1692.11
1622.77
1106.09
1758.62
1690.06
1852.21
674.27
1000.23
1090.87
1540.39
1839.02
1827.46
1536.23
1792.79
1600.33
1442.34
1543.16
1677.32
1622.48
1785.87
993.09
1350.18
1010.83
1809.44
1559.94
1694.61
643.46
1378.10
845.27
1115.36
1192.48
1229.73
584.81
1359.35
1367.14
1556.59
983.96
772.65
909.96
1734.69
632.84
842.67
1638.17
1779.76
1200.42
1600.89
1583.07
1795.19
1565.06
1608.68
1618.97
1298.64
1769.55
1621.27
1296.72
701.95
1063.54
1011.32
1483.36
686.84
1625.40
1793.80
1767.80
1284.13
1432.65
906.66
1645.59
2001.59
1369.10
1078.25
1908.66
1105.89
1302.58
1402.94
1739.84
857.15
1133.42
1875.79
1689.52
1939.20
1386.36
1561.11
1757.48
1627.65
1917.11
1548.87
1614.07
1667.58
1320.70
1840.67
1353.85
1516.74
1279.51
1437.46
1633.62
1461.14
839.68
752.20
1645.72
1676.62
1097.59
972.99
1096.57
1546.52
1296.33
557.04
744.23
1633.83
1817.99
1508.26
1379.16
2086.33
1980.03
1825.06
1119.45
1596.44
1038.34
1298.69
1094.86
1821.69
596.89
1567.89
1021.65
1550.89
1896.55
1248.69
1578.93
1219.68
1515.60
1654.93
539.57
1362.40
1150.07
1349.27
1293.98
1510.05
899.09
1313.52
1562.34
268.23
846.02
1786.41
1611.34
965.15
1142.03
1775.87
662.53
703.40
1668.43
1712.86
1667.79
1836.78
2038.60
1169.68
1527.43
1177.26
1794.04
1780.87
1585.65
1583.94
1884.89
681.60
1602.33
1298.27
1524.61
1557.19
953.87
1147.01
1525.09
1437.06
947.60
1391.01
1961.69
1629.90
928.53
1448.26
1455.33
1581.34
1921.66
1801.22
704.86
381.05
939.79
1652.26
1693.84
1890.31
1591.36
1498.05
1902.39
1806.88
1768.86
538.21
1742.50
1769.92
1446.36
1816.36
1841.97
1322.74
1901.53
1385.72
1263.33
1397.95
938.60
1596.33
1625.60
1734.82
1247.44
1468.53
241.82
1832.10
1397.51
1275.80
670.40
942.42
1713.56
1706.77
1677.99
996.78
1784.77
1383.76
917.90
1798.09
1161.39
971.80
763.85
1198.61
1886.74
1951.00
1374.90
751.88
985.91
919.46
1037.11
1708.67
1134.73
1278.08
1272.84
1513.85
1300.40
1733.21
976.18
1353.75
1895.10
1729.63
429.74
2047.19
1373.50
1924.44
1918.92
1005.20
1109.22
581.92
1697.27
1794.79
872.45
1097.84
1607.49
693.78
1173.86
925.02
1616.25
1590.97
1912.49
1078.09
1050.76
1292.48
1462.12
1821.78
668.37
1811.47
1391.55
1402.76
663.84
1576.74
1629.77
1762.71
1705.58
812.67
1573.67
1023.67
1753.08
1408.60
1579.04
1633.17
801.13
957.48
1024.34
840.85
1393.90
1468.09
1651.83
1391.88
1501.83
1430.65
1331.29
1272.80
1438.34
1826.49
948.60
1774.84
1570.30
1787.72
1402.75
1021.86
1450.64
1932.63
1744.35
955.58
1533.57
1606.47
1786.15
1563.17
1580.13
1628.42
1307.22
1575.48
1525.44
1897.36
1052.71
1507.18
900.46
1815.23
1729.41
591.30
1539.69
1874.01
1996.23
1381.22
1350.59
846.51
1251.38
1940.52
1010.34
1679.17
1239.37
893.32
1403.15
1638.00
1322.95
1642.57
1236.79
298.58
1024.50
1711.16
1862.31
1611.65
1594.87
2052.32
1253.19
1543.50
1736.63
1800.29
1325.89
1483.04
1409.93
1597.80
947.35
1538.71
1430.72
1091.99
1012.69
726.23
1726.36
1179.61
1677.98
974.35
1125.11
1406.18
1722.06
1062.69
1276.68
1821.96
739.59
1970.48
1088.65
793.23
1593.26
1081.98
1691.53
1961.34
1115.28
1812.47
1837.94
1834.54
806.58
411.16
873.14
1519.11
1634.89
534.38
1834.08
1864.71
1302.76
1663.79
1028.16
814.78
1647.97
798.20
207.93
1237.76
1744.29
1629.97
1633.30
1948.65
1668.03
1832.07
1730.74
1342.90
1199.46
1644.26
994.72
1408.76
1672.81
1695.00
1109.30
1776.80
1252.19
1493.34
1576.32
1452.02
1417.75
1189.56
2002.60
1173.71
1600.39
2102.88
838.14
1738.30
200.04
2038.87
1264.52
1726.38
1678.02
965.32
1699.59
2063.54
1554.47
1492.98
581.50
1521.72
1670.98
1511.99
1348.24
1900.59
1153.03
1769.07
1639.69
1146.43
392.01
1783.64
546.79
254.70
1148.61
894.35
1876.24
1679.04
1492.12
1953.11
1652.64
1464.20
1584.90
1230.84
862.04
1606.45
1111.40
1598.03
1315.65
1517.49
1696.13
1784.76
1476.04
671.09
1467.27
1451.71
1712.55
1001.63
775.43
1316.30
1056.35
1225.78
1185.83
1721.53
1516.05
1690.56
990.96
1748.30
716.76
1963.95
1818.15
1710.29
1248.31
1500.40
934.30
1840.91
1239.11
1040.16
1680.60
997.39
934.50
608.24
1002.99
581.82
1918.27
1848.15
1527.37
1395.54
1166.38
591.18
1572.29
1618.50
1142.56
439.44
1573.24
1580.70
657.06
1364.57
737.83
997.21
1291.12
1847.41
879.92
486.13
1162.67
2065.91
1455.70
1756.74
1886.87
1222.85
1576.15
1894.45
1154.85
896.85
949.94
1725.24
1360.86
1678.84
922.46
1553.17
1817.40
1652.95
1022.89
1874.73
1810.25
1300.24
1810.62
1445.89
968.23
1768.43
1370.19
1309.03
1569.27
1843.68
1426.94
542.48
1436.31
1007.15
1007.67
243.20
1572.50
1839.64
1686.81
1148.35
1448.36
1833.42
1862.87
1592.73
1228.11
1384.81
722.52
1829.36
1767.33
1165.07
1749.39
1149.76
1724.36
1778.05
1651.04
711.13
911.11
1539.35
1906.92
1511.29
1233.83
1475.05
1292.50
1165.40
1995.74
1613.50
1904.93
1630.57
949.08
1765.23
1447.49
1592.26
916.43
1551.97
1153.20
967.21
1432.11
1617.96
1567.72
1541.85
1795.42
1212.51
867.50
1067.44
1841.83
1788.73
1669.87
1253.37
1055.34
1157.91
698.38
1820.62
1042.95
1918.45
1058.45
1580.20
485.61
1483.11
1177.27
809.50
482.09
1706.78
1868.83
625.24
1093.49
2015.46
1892.94
1099.60
1948.99
1537.99
1577.00
1604.73
1486.68
2035.83
1133.78
778.32
1915.58
1578.32
1629.58
1740.37
2101.99
1549.19
1517.80
1692.08
1342.85
1213.64
1147.58
1331.06
1609.59
1396.51
2048.47
1590.07
1508.86
1724.24
1756.08
1239.58
2007.63
1074.51
1348.59
1342.17
1610.95
2003.18
574.27
1165.79
1324.17
2121.51
1839.73
1061.96
1903.62
1734.71
1639.66
1686.67
899.46
925.57
1749.58
358.79
2018.57
1929.71
2061.58
1767.12
1490.16
1618.55
1479.28
1869.74
178.83
1818.75
1118.53
1054.78
1894.09
1333.01
1234.65
1738.04
1792.83
1495.85
1405.55
1607.88
1310.60
1788.63
936.10
1321.24
1263.34
1084.45
787.03
742.80
909.43
1632.98
642.04
1509.03
897.51
1677.26
1891.17
1861.41
1569.96
1924.34
1498.57
1303.71
1715.40
1833.30
950.56
392.92
1114.99
1638.03
1695.49
1821.51
1924.16
647.26
518.62
1870.79
1127.12
1820.01
1005.30
1925.02
1038.44
1790.58
1093.05
1046.85
1403.96
1307.82
2065.67
1248.29
1960.91
1446.25
1540.50
1533.85
1621.23
1919.19
1667.47
1567.04
1258.22
2011.39
1189.78
764.58
1556.85
1387.38
1526.24
937.97
1355.12
1048.28
1626.48
1611.12
1712.08
1384.03
1406.42
1511.53
648.30
1553.94
1530.34
2043.65
1993.94
650.45
657.51
1563.29
1986.60
1122.36
1920.17
851.78
1205.52
1333.20
745.74
2041.82
1288.10
914.70
1749.71
1831.01
1499.60
1030.83
822.36
1507.15
1596.35
1966.18
1549.08
1670.26
1812.95
996.96
1765.28
1724.77
1417.43
1850.29
229.60
1726.38
1383.41
1783.22
623.48
643.23
2021.89
1860.69
1119.66
879.82
1462.33
1888.65
1717.00
1225.21
1603.93
1616.26
1303.29
1623.57
1673.50
1558.25
1094.56
1219.51
886.14
1633.20
1848.09
1519.96
1812.27
2009.27
2027.49
1584.87
1651.76
772.29
1061.43
1517.66
824.56
1490.15
1435.84
1973.27
1152.29
1725.86
1558.10
1692.24
1669.54
1457.73
1809.00
628.76
882.09
743.85
1348.67
776.01
1925.96
1750.96
1989.25
1580.21
1149.73
1003.22
555.95
1017.78
1795.67
1676.49
1726.70
933.42
981.93
1414.25
1223.70
1555.74
989.80
975.55
1561.69
1440.22
1772.73
898.52
1289.79
622.72
753.67
1683.86
1411.09
1766.20
1450.86
1734.08
1574.72
1853.71
2022.51
1351.16
1877.42
1604.30
1697.19
1101.25
1431.38
1697.70
404.75
1977.34
1763.82
1282.02
1454.01
932.75
1683.30
1003.48
1555.73
1526.53
1483.85
825.47
1845.58
1595.10
1656.47
1015.05
1004.86
1788.19
664.69
1617.96
1879.81
992.15
1366.51
1843.73
1560.11
884.75
1760.77
1018.46
1138.57
1323.60
1865.03
1151.82
1173.53
2008.26
1588.16
1301.76
1685.47
1648.41
1250.05
1120.09
1468.96
1086.15
895.41
1167.70
1388.03
393.19
1707.97
446.06
1550.58
1064.66
1712.91
1793.50
1773.64
1457.35
1532.90
418.90
887.34
1536.71
1887.33
1029.15
1619.45
1765.40
1574.13
1409.01
1579.01
1060.36
1596.07
396.10
2015.19
1398.69
1061.20
843.45
813.21
2012.51
1379.01
1366.14
1931.00
1958.44
1341.60
1671.70
1593.60
1046.10
1795.46
1582.25
1612.37
1596.78
1528.84
1901.75
1511.70
1735.39
1036.23
937.98
1685.64
1673.63
1423.25
988.41
1954.38
1368.51
1577.21
1791.71
1576.74
1514.83
1026.56
1500.33
1188.91
2018.59
1108.02
1707.03
1640.90
1561.92
1981.95
1257.02
1368.16
1553.66
1652.00
1388.26
915.36
1232.15
1601.04
1446.92
1892.19
1582.07
1184.86
1078.27
1028.12
990.55
1947.96
1510.49
1131.50
1942.92
1419.06
1683.34
2094.60
1803.96
1656.83
1593.87
1621.60
1048.60
440.79
1623.79
1968.72
1792.56
1638.10
2026.09
1657.78
1832.62
1193.83
981.56
1238.05
1729.99
1570.13
1727.78
1052.97
1595.53
1600.62
895.94
2000.02
1389.99
1952.74
1949.25
1112.42
827.64
1542.00
1889.01
1717.16
1664.51
1173.33
1916.83
1844.36
1772.16
1461.20
1744.07
2065.07
413.08
797.37
1353.59
1006.56
1349.59
1215.85
1877.12
1082.63
1205.22
1240.81
1111.26
1607.18
1640.35
1288.12
1019.60
1669.52
1790.64
1428.05
932.89
1957.28
1535.87
1447.22
1175.60
1522.37
1773.13
1217.76
1183.01
444.03
1078.72
1533.91
808.54
1434.23
1533.24
1544.86
2032.86
1889.47
1859.29
1574.15
1663.58
1429.32
1888.43
1485.22
1801.54
1935.40
2085.65
1295.48
1838.11
1549.45
1663.71
1803.95
1064.64
1259.29
1922.20
1785.82
1325.48
926.42
1555.85
2008.49
1570.13
1744.87
1580.33
1893.98
959.33
1693.77
700.82
1122.66
1695.18
753.03
1436.47
1716.56
1981.75
1923.40
1702.25
1093.82
1101.93
1437.11
2073.22
1863.63
1539.06
1627.06
1319.82
864.14
1619.72
1205.31
1539.65
1115.70
1554.82
1907.25
1823.30
1898.06
1516.47
981.44
1845.96
1283.67
1656.27
1391.65
1705.76
1162.73
1034.07
1084.13
1587.23
1392.66
1669.07
1135.76
1625.05
1758.83
1646.05
1994.86
1700.64
536.53
1325.91
974.86
1393.72
1966.24
909.57
1707.18
1751.85
947.21
1183.60
1986.78
1961.66
1502.13
1561.86
609.87
910.53
1214.56
1532.25
1565.59
1567.81
1779.55
1571.18
1529.83
1700.25
730.00
1625.89
1851.36
1929.25
1893.84
1875.30
1530.14
1030.83
1111.61
1609.80
878.80
1488.54
1553.95
1714.34
910.90
1670.38
1858.02
1118.45
1833.56
1013.94
951.26
1756.01
1171.67
1894.90
1894.46
1718.94
925.57
1683.70
882.53
1395.81
1635.18
1050.67
1572.91
1520.61
1058.07
850.93
1419.83
909.83
1755.04
1211.12
1169.46
1610.41
1379.02
873.12
1065.91
1530.32
951.99
645.45
819.91
473.21
1298.45
1800.94
777.96
1665.37
1472.10
1623.58
1635.92
1761.80
1789.13
901.27
1377.38
1999.11
1507.31
1654.24
1225.29
1455.37
1698.67
1264.78
1361.16
1222.05
1566.69
1631.28
1503.06
1226.98
1738.60
856.43
1054.53
959.41
1673.28
1063.51
1310.08
1003.19
1038.50
1359.17
1098.30
1051.34
389.76
1605.41
892.96
908.08
1968.40
909.70
1890.59
1343.78
1630.12
1769.39
1463.19
814.79
1781.57
1738.70
1809.20
662.68
1031.44
1165.94
1605.52
667.62
1452.72
1609.98
1416.96
1981.68
1018.34
1094.60
1710.12
1540.91
2118.80
1885.19
1488.24
1703.80
1663.70
731.83
1560.15
920.33
1838.70
907.56
311.94
849.72
1223.72
1580.90
1893.81
853.16
1418.66
1338.45
862.18
1281.73
1614.78
1496.13
1617.99
2044.36
708.94
1636.24
703.03
1971.74
1065.81
1136.28
1155.01
1878.01
1370.09
1198.82
2058.72
1640.86
1141.49
1881.93
1604.60
1546.31
2035.57
1652.55
1068.09
1627.74
1488.74
1541.52
1146.14
1645.00
1275.83
1643.83
1634.83
1790.57
1704.40
2060.48
1981.31
863.56
1536.18
1643.25
1492.95
683.01
867.21
965.10
1968.89
1286.68
1377.85
1916.68
974.40
1606.65
1672.24
1762.09
434.78
1091.51
1767.33
1660.95
782.64
972.56
1922.16
1839.93
1714.26
1732.98
1445.92
432.96
1891.03
1507.11
1202.09
1973.58
1405.98
1904.43
1209.29
1746.51
1727.53
1894.54
1794.79
900.56
1576.55
1256.31
1642.97
1975.04
1461.68
1570.43
1282.51
1673.83
893.31
944.91
1135.67
1418.44
1881.96
1106.81
1773.45
1240.39
1384.02
1402.07
1523.79
1369.44
1204.10
1865.00
2050.39
1304.47
865.96
1169.03
1501.59
2087.56
868.38
1850.32
1380.13
2017.06
1384.33
1888.32
734.31
1497.58
1341.26
1146.87
1407.31
1048.23
1084.99
1605.78
1079.87
1813.09
1569.81
1522.08
1656.53
1365.29
1501.41
1270.94
2083.89
1594.56
1545.10
1038.45
1099.73
1828.40
1578.43
1539.62
791.48
1399.71
1742.26
1563.60
1860.29
2075.40
850.80
1441.22
1770.95
1589.49
894.07
1962.26
729.78
1605.60
1689.15
1617.06
1176.68
849.53
1251.34
1707.48
846.19
1626.73
1577.82
1427.33
1698.36
1303.23
2061.11
1567.25
1623.87
1628.77
493.60
1199.34
1104.24
1696.26
1797.54
529.73
1194.63
1303.35
1602.58
1928.63
1268.79
1899.45
1935.09
1236.89
1630.37
1840.33
1545.92
1546.20
1432.79
1187.22
2069.79
1332.93
1201.39
1393.34
1639.95
1557.03
777.05
1496.64
1942.61
1058.41
1430.98
1521.11
1311.13
1434.99
921.63
778.39
1620.62
1664.26
1307.33
1363.71
1979.14
1574.57
1734.16
559.06
1489.13
885.16
1298.14
1489.33
805.67
845.91
1520.50
739.20
1757.56
1326.69
1173.67
1818.51
1225.48
1684.93
1468.27
1290.26
1325.64
1330.90
1397.84
1573.96
976.81
719.96
854.20
661.44
2095.99
1772.11
1176.84
1292.20
498.51
1071.07
1323.76
1363.78
1174.54
1961.24
1343.95
1268.18
1479.58
1952.14
1701.36
1609.96
1551.42
1290.63
1774.23
1748.23
1375.05
1608.52
1682.29
770.81
1657.99
1171.05
1042.33
1980.79
1789.59
1857.16
1281.60
1631.66
882.59
901.22
1795.31
1301.96
1507.36
491.28
1343.12
1661.82
973.59
1661.14
1754.32
1789.93
389.48
1312.01
2092.26
1910.80
872.11
1428.47
1559.68
1787.66
1639.51
1950.97
1428.87
1570.02
858.37
1542.22
1308.11
832.89
1372.49
246.92
1754.13
718.55
781.37
1601.37
1207.80
1883.55
1270.26
1860.32
1831.74
905.71
1854.23
1590.51
1842.14
746.97
789.30
1593.71
1794.26
1677.45
601.66
1783.20
1953.28
957.85
1169.17
760.96
1668.17
1810.09
1708.93
2027.02
1743.24
1565.56
666.58
960.85
1692.40
2027.10
1691.35
1841.19
907.29
1660.66
1348.07
2062.40
1226.59
1211.08
1679.24
1705.93
782.22
1775.83
1231.23
1487.76
1725.63
1346.08
1314.63
1425.84
1929.46
813.38
865.69
1905.38
1700.35
690.18
1560.25
1519.64
1602.14
1778.22
1975.75
1389.14
967.97
1648.61
1488.85
1705.52
922.32
1368.97
1016.49
1432.27
1262.20
1499.78
1992.38
1606.44
1128.18
1607.06
1561.36
1266.20
1312.14
1987.24
1783.99
1595.05
1643.45
1603.10
1905.18
1687.45
1942.66
1819.59
1129.38
1252.14
1577.30
1291.63
1809.98
1650.94
1839.37
1510.04
1630.85
1843.74
618.40
1419.12
770.44
1671.02
1571.01
1781.63
1245.12
831.02
1254.68
1320.54
1360.54
1323.95
1910.82
1955.51
1285.35
1875.15
867.71
1503.75
983.18
1502.85
1174.34
1165.12
1672.81
1476.51
1284.33
732.08
1464.67
1409.52
1425.53
1789.55
1829.29
1477.08
1751.61
1708.28
1553.25
1445.77
1310.87
1153.94
1430.99
1906.92
1036.10
1128.27
1739.71
756.64
1680.01
1539.10
1443.65
1392.49
1848.16
1383.64
1946.23
1899.50
1143.10
1642.96
1101.88
887.48
1329.63
841.58
1808.25
1861.44
1620.20
1396.51
1766.08
352.60
1763.10
1238.63
1098.18
1606.68
1120.63
821.33
1836.97
1052.01
1263.78
1681.10
720.03
1596.51
738.93
720.62
1320.87
1618.26
1310.86
1642.44
1589.01
1095.77
1956.02
1590.44
1698.61
1710.36
1369.13
1540.54
913.95
1669.33
1933.78
829.41
701.84
1080.97
1737.82
2020.25
1082.50
1930.47
1165.44
1089.09
2002.93
1243.51
1917.64
761.60
1389.16
1467.31
953.03
1846.39
1221.42
1190.26
1862.66
1214.44
909.71
1774.41
1967.56
1639.99
1575.58
1222.23
1158.17
1317.18
1550.73
1185.05
1914.66
1618.97
1416.49
1093.02
1012.59
1760.28
1583.30
1283.30
1433.07
1919.10
2130.85
724.17
1732.89
1605.86
863.30
348.62
1560.97
1425.62
1286.93
1114.45
803.64
1746.14
1621.93
1410.14
1797.39
1614.43
1362.73
1081.20
1558.86
945.67
1165.12
1490.97
1192.98
1032.97
737.05
1003.56
1731.95
2037.94
1774.47
2034.34
1050.63
1678.41
1480.94
1215.99
1278.07
1872.11
1160.80
1776.72
1523.80
2006.06
1514.06
1345.38
1407.91
1893.63
987.85
925.38
1336.08
1515.95
1049.61
1181.94
1278.32
1099.98
1671.42
1372.18
1416.44
1895.85
1514.64
1665.76
307.10
458.56
1818.42
1727.23
984.25
1916.85
976.85
1041.51
654.61
1593.49
1036.91
2039.82
832.27
1539.15
1368.29
625.32
1802.91
972.48
707.59
1369.88
1690.07
1769.23
1184.35
1882.36
1451.63
716.52
1927.48
2042.69
1323.40
1792.35
1350.60
2086.35
1294.58
1865.09
924.75
1393.80
849.68
1075.17
1569.56
1646.93
1330.81
1514.01
748.28
937.79
1534.01
1362.35
1845.64
1830.57
1624.94
925.64
1446.09
1010.41
851.47
1614.53
1040.99
1466.31
1244.46
1361.74
1434.85
1822.03
974.49
944.79
1886.21
1277.58
1764.20
1121.68
945.69
1983.86
1031.73
1278.25
1755.02
1567.33
1291.14
252.13
1982.20
1240.57
1741.21
1449.83
1522.01
1154.63
1948.59
1753.76
1769.50
1663.31
1782.45
757.19
1806.88
1669.86
1424.13
1740.18
1887.43
1728.13
1316.02
1733.24
1774.68
1099.82
1731.34
1333.12
915.12
960.55
1538.96
1949.28
1249.30
701.60
1609.39
666.24
1705.38
1162.95
1085.86
1469.54
1573.20
1548.83
1105.75
1798.28
1182.54
1105.02
925.87
1543.50
1459.35
1535.36
1160.74
1299.46
983.79
1973.05
1151.80
1488.11
1265.14
2105.89
1792.94
1198.96
1792.57
1110.72
1837.54
1573.15
1250.48
1413.89
1689.48
1355.58
730.27
1684.95
1363.82
1012.55
2028.80
1311.84
1730.32
1122.31
1720.21
1219.21
2051.95
1515.87
1957.72
1758.32
1586.68
1672.36
1024.51
1556.08
682.13
1292.20
1081.25
1200.76
1055.59
1844.97
1799.02
1530.68
1193.23
922.30
1577.51
2013.85
1791.71
701.19
1177.62
1123.89
1544.70
1412.69
1575.90
1696.80
1478.82
159.59
1504.10
1721.70
1424.94
1579.93
1044.69
1805.62
1669.11
1056.25
536.92
2108.81
1112.06
1730.66
1646.61
1324.96
1973.48
1473.58
1621.48
1962.26
350.00
1260.16
185.96
1662.38
844.95
1031.86
1798.96
1724.24
871.27
1400.58
1596.09
1918.43
1898.66
302.28
1594.10
1106.50
1974.43
1260.83
1964.75
1729.62
2046.65
1470.16
1738.84
1090.20
1422.36
707.38
1720.97
1487.49
1151.66
1015.01
1651.99
1441.12
1624.14
214.58
1752.73
1645.23
1001.65
1090.15
811.31
1462.25
1254.79
1160.29
1172.58
1174.78
1525.29
1433.40
915.63
1282.12
1565.14
1453.66
1470.93
1449.82
1743.61
1775.65
1058.17
1292.22
816.41
1597.13
932.03
649.65
1240.96
825.50
1818.74
1462.51
1113.67
1710.04
1201.83
2027.83
1289.15
1032.63
1323.56
866.64
1236.67
1270.38
1406.66
1889.00
822.42
1226.12
1389.75
1558.62
637.99
1406.17
1414.98
897.20
1817.81
2027.41
1154.65
1300.22
1271.59
1699.18
1709.38
1221.89
1204.79
780.65
1856.43
1333.08
1744.17
1206.51
862.90
1998.80
1492.36
1552.26
1279.24
1665.23
1574.84
1192.48
1171.82
958.63
1308.95
1293.43
1309.38
1407.18
897.27
1241.20
1219.62
1167.18
1410.54
1592.98
1844.55
1653.29
1237.90
1862.32
909.71
1590.04
1170.44
1744.32
1224.05
1132.16
1595.98
1621.81
1602.91
983.33
1245.68
1839.37
1853.30
1692.51
1258.29
1914.99
1703.70
1758.09
1635.65
1497.71
1500.56
1774.86
1715.16
1202.67
1383.10
1500.17
1333.99
793.91
1181.80
1871.15
1255.60
1584.65
1832.80
1711.04
1504.53
799.07
1509.91
2010.43
470.76
1396.54
1330.04
1554.05
1547.98
983.15
1403.54
812.22
701.69
1273.89
1700.71
1916.06
1752.07
1685.31
1386.46
1633.31
1592.32
1901.51
820.19
1703.84
704.70
920.04
1005.04
1395.40
908.04
1648.53
1162.54
1529.65
1725.63
1743.30
1197.41
1381.89
1685.00
1156.00
1762.70
1829.00
1769.33
1055.60
1173.72
1711.97
1226.69
1389.48
795.30
840.30
1511.64
1664.98
925.68
888.35
1006.30
1786.77
1330.87
1319.88
1010.23
1882.40
1599.02
1654.70
1717.29
1404.95
1306.43
741.43
1380.07
885.95
918.31
1680.36
2009.72
1177.36
1998.20
845.14
1415.14
1176.08
966.53
1195.99
1248.57
1456.84
1388.19
967.36
1470.05
1995.43
1408.11
1330.43
1843.03
1680.61
2039.38
1159.19
1176.85
1588.78
1642.31
1345.52
1386.29
1606.42
962.14
504.49
1583.95
1610.36
859.40
1214.82
1114.76
999.21
1546.95
1514.64
1262.11
1331.12
1775.16
1593.72
1651.31
1857.61
1431.18
1398.34
1548.84
1885.81
1775.76
1752.42
1842.72
1696.05
1826.74
1180.13
1469.89
1240.35
1311.81
1830.75
1398.27
1269.70
1651.60
695.94
1695.97
1225.69
1162.01
1194.29
1908.15
1596.32
1459.08
1675.59
1319.48
1504.51
828.06
1336.18
982.29
1437.60
1662.11
1127.07
1319.51
1371.38
993.07
1103.52
824.93
1570.03
1845.60
1101.52
1075.48
773.37
1569.78
636.34
1257.35
976.84
1413.61
1663.50
1781.32
1903.87
1261.29
1963.74
929.53
1054.15
1939.97
1622.57
1334.96
1399.74
1627.62
1310.52
1945.52
1516.62
1104.81
1766.81
2102.06
1830.08
1588.89
1467.52
967.68
1602.01
1118.26
1519.15
1434.23
889.73
508.02
1904.36
1473.43
864.86
1411.65
1591.95
1260.25
1574.10
1823.19
898.41
973.26
1439.94
1643.51
781.78
773.70
680.21
1766.62
1737.79
1381.91
1892.84
1215.80
1842.60
1654.92
1404.54
1622.99
1924.73
1662.66
1188.79
1569.54
885.23
703.64
1661.05
1548.09
1568.41
1551.53
1022.39
1725.88
1778.96
1686.73
2035.03
1626.94
1682.21
1356.84
2063.86
1916.71
1296.11
785.64
762.14
1857.35
1010.53
1595.57
1706.12
1497.55
983.89
1314.50
1405.97
1507.17
851.76
1295.51
1787.89
783.37
1785.48
1200.88
1803.03
1453.87
1179.09
909.45
1578.95
1439.80
1589.59
1523.44
1243.82
1676.25
1233.13
1509.92
1366.49
1729.45
1118.66
1716.27
1659.91
1708.60
686.91
638.39
1998.27
968.24
873.41
1530.91
926.37
1648.85
1633.80
1510.29
1693.52
1677.66
1521.88
2013.63
1851.34
1127.15
1592.14
1426.91
1642.03
1267.77
1123.97
1572.61
1414.66
1276.87
1528.48
1815.94
1294.70
1537.16
1867.65
763.53
875.54
1778.99
1393.47
1411.17
1775.52
1572.78
1115.82
1008.51
1780.83
1243.47
958.80
1897.37
1469.80
1885.86
1498.59
1642.42
1066.28
1470.09
1692.64
1828.79
1937.50
1148.27
638.39
1242.42
1354.54
970.27
786.05
1853.18
1242.04
1965.59
1258.69
1695.45
1984.92
1661.95
840.52
1488.93
1744.56
1357.83
783.92
608.06
1120.00
1747.96
1654.55
865.81
1247.79
1451.02
1674.63
1463.75
1829.07
2054.67
1856.27
1466.06
2006.41
921.48
1083.76
455.45
1658.54
1456.81
1272.47
1585.78
1587.24
1890.20
1888.15
1767.04
1441.44
1356.33
1470.29
1789.03
1805.16
1933.99
1307.08
792.94
1646.96
1386.05
1080.25
1365.87
1404.30
1953.88
1046.57
954.22
1378.38
441.05
1431.79
1573.25
1581.98
1370.49
1127.09
1012.28
1268.45
1225.61
686.78
1536.14
879.75
1659.62
961.04
1813.11
1130.50
1728.54
1933.03
1595.62
1608.97
1878.98
1320.66
1725.51
612.74
1217.02
2083.33
973.62
1117.97
1387.16
1622.81
400.55
1462.87
1496.09
1320.05
1991.03
1968.39
327.38
1566.22
562.81
1514.79
1207.74
1736.21
1374.54
1865.01
1865.35
599.65
138.83
1261.28
1271.50
1162.99
1316.98
989.26
1682.81
937.60
1822.46
1538.44
752.09
699.96
1084.97
1562.87
1721.53
890.01
1650.71
1527.38
1218.24
637.52
720.50
1501.65
1235.82
1138.06
1392.15
931.48
1722.35
761.08
1216.58
1604.58
1693.80
1868.51
1711.64
1387.89
739.77
1807.66
800.06
1514.87
1027.32
1492.31
1195.41
1352.29
1429.19
1458.11
1485.70
1608.38
1811.18
1938.24
1731.00
916.82
1865.49
1255.23
1501.52
1898.51
1609.14
1651.62
850.56
1261.16
1445.51
1785.91
1446.70
1803.99
1846.72
970.39
1527.95
1630.33
1798.12
980.73
1053.39
775.54
1396.01
2065.06
953.34
1675.86
1494.19
1141.33
637.41
1649.50
811.10
1504.86
649.26
931.07
1068.60
1312.08
1720.96
1839.41
892.40
1650.76
855.47
753.13
1266.26
1254.31
709.77
1552.33
1646.50
1321.42
1617.49
1101.89
1281.71
1590.67
1445.32
1207.13
1301.75
1155.94
473.83
697.65
1570.73
1030.88
974.92
1182.03
1236.21
1202.41
963.07
1634.86
987.63
974.90
1415.23
1749.46
1563.94
1004.80
1518.61
1710.60
1773.81
1434.65
1876.85
1442.35
1587.81
1959.36
1084.64
1579.40
1421.52
1734.87
1296.21
1309.69
1658.11
1384.14
1857.32
1859.64
1960.57
1874.91
1737.46
1315.83
1626.15
1656.39
1452.21
1371.02
1091.97
1655.01
2115.65
1725.57
1911.58
1361.57
1016.18
1361.82
1642.58
1605.40
1643.44
643.79
1470.06
638.92
1474.94
1826.99
1445.32
1611.18
929.87
793.82
1588.49
1304.32
1216.29
1439.07
1428.26
2008.20
1633.05
709.67
1089.54
1729.97
1231.47
1213.05
1648.26
1558.70
1026.76
798.16
661.75
1819.76
902.67
1692.12
1904.20
1588.12
1512.49
2015.18
868.05
1273.89
1432.01
1330.12
1263.06
700.30
1742.19
1718.05
1384.24
571.94
1121.01
1544.09
1504.63
984.14
1913.06
859.73
796.59
1313.08
1159.45
1908.66
1418.08
1068.41
1845.37
1848.89
1706.93
1238.61
1003.79
582.31
1595.70
1336.84
1740.68
546.81
1768.33
1710.18
1815.10
1519.46
1824.50
981.45
770.76
1793.75
1682.34
1664.85
1446.02
1102.92
1361.65
1255.75
875.52
1815.83
1194.95
1351.37
1258.82
1009.55
1022.97
1513.08
2069.65
1173.15
589.07
1402.08
1038.71
1522.82
1560.62
1282.02
1726.32
1432.47
1534.04
1859.63
1558.30
982.81
1532.50
2038.10
1222.90
1543.78
1508.28
1204.25
1190.61
1514.33
1062.14
1520.05
971.15
1397.26
1178.44
1359.19
1511.97
831.99
1421.26
1988.72
923.13
1944.11
911.37
1324.48
928.32
1598.70
2003.05
1488.73
1399.35
1351.48
1132.22
838.86
1847.54
1144.30
1767.93
1524.36
1647.48
1138.14
1523.71
1429.27
1783.70
1292.36
1300.71
1631.27
905.52
1780.10
1809.46
1746.22
1740.70
1697.05
1050.09
1827.03
362.87
1331.00
1064.65
1221.16
804.31
1928.94
1418.35
1350.34
937.12
1813.91
1068.04
93.41
1039.23
976.09
1857.70
1988.40
1914.86
1632.53
1905.00
1123.65
1630.27
1027.29
1344.43
1509.47
900.67
882.29
1647.68
1314.91
677.76
1359.33
1661.19
1314.08
1656.98
1827.53
1265.31
1960.51
1742.90
1445.55
1714.45
1362.25
1281.35
734.36
1183.80
412.27
1680.72
1640.24
1667.65
1503.22
1088.22
1268.78
1200.40
572.56
1702.03
1736.87
1547.91
1985.69
1614.55
1403.33
1841.99
805.87
1107.80
873.48
1676.58
1344.37
1175.25
1059.75
1813.39
1659.96
1526.30
1350.54
967.52
1826.41
899.02
1363.50
1568.94
1317.63
1462.34
1257.67
1389.28
1187.24
978.59
2028.23
1590.21
837.10
1872.43
1243.80
1638.62
706.47
1764.78
1327.48
598.18
1085.52
1459.33
289.96
1360.59
1323.42
1335.08
1558.68
1401.12
1250.44
1586.21
1981.08
737.47
1615.94
840.50
1565.93
1454.08
1163.77
2011.11
1682.12
1732.67
1410.89
1430.92
2022.39
1301.25
1640.70
1402.03
1442.76
1116.20
1852.62
547.69
953.74
896.54
1077.82
1678.99
851.90
1155.45
2017.91
1463.72
1115.85
399.67
1182.67
1085.47
1186.38
1150.89
824.59
1607.26
1500.29
2062.20
1373.43
1801.71
961.50
1656.11
1743.85
1688.57
1598.51
1928.67
1094.39
1451.50
1334.96
1227.60
2120.63
1788.21
1554.23
1125.10
1723.68
868.98
1420.40
933.29
1707.51
1420.00
1335.50
1537.40
1594.89
2054.72
1759.71
140.74
1536.65
1678.83
1263.52
1125.22
1493.34
1456.91
1446.50
828.54
2053.36
1597.68
1551.54
1803.19
1879.51
1596.36
1232.10
1482.03
1568.73
1388.73
377.18
1764.64
1802.15
1501.41
1376.40
1849.36
688.85
622.32
662.45
1863.26
1258.26
